50 100 6
1 13 38
1 14 38
1 16 30
1 19 20
1 33 9
1 39 24
1 41 37
1 43 28
1 48 49
1 50 50
2 3 27
2 4 21
2 8 15
2 19 7
2 35 35
2 40 2
3 12 34
3 13 30
3 14 18
3 16 46
3 21 6
3 27 17
3 41 4
3 46 12
5 17 2
5 37 17
5 43 22
6 17 26
6 21 44
6 24 28
6 30 28
7 36 28
7 38 50
7 39 7
8 19 50
8 32 28
8 38 8
9 27 5
9 38 44
10 20 20
10 23 10
10 33 50
10 45 5
11 20 2
12 13 36
12 15 45
12 22 48
13 23 41
13 32 23
13 40 13
14 18 35
14 40 31
15 36 39
16 36 9
17 21 28
17 27 43
17 33 34
17 43 22
18 30 12
18 40 47
19 26 38
19 34 26
19 47 25
19 48 37
20 26 18
20 44 30
21 40 49
22 29 9
22 35 1
22 42 40
23 29 21
23 45 17
24 30 19
24 34 49
24 49 8
25 43 19
25 47 49
26 47 33
27 28 31
27 50 27
28 33 9
28 40 17
30 42 37
31 32 42
31 39 16
31 45 25
31 48 6
32 35 36
33 40 10
33 48 25
34 49 14
35 45 28
35 50 7
36 47 49
37 42 24
37 44 45
38 50 44
41 44 37
42 49 30
46 48 42